,sub_id,is_running,Hz,frames,filename
84,100089,0,120,3600,20100119T133144.json
97,100102,0,120,3600,20100204T133352.json
98,100103,0,120,3600,20100209T131512.json
99,100104,0,120,3441,20100210T153746.json
101,100106,0,120,3600,20100303T154707.json
103,100108,1,120,2400,20100309T133425.json
111,100116,0,120,3585,20100330T115513.json
113,100118,0,120,3600,20100401T112843.json
119,100124,0,120,3600,20100414T133349.json
122,100127,0,120,3600,20100415T124244.json
124,100129,0,120,3600,20100421T135243.json
126,100131,0,120,2593,20100406T190307.json
130,100135,0,120,3600,20100511T164135.json
132,100137,0,120,3600,20100513T131825.json
133,100138,0,120,3600,20100518T104809.json
134,100139,0,120,3600,20100519T102419.json
137,100142,1,120,2400,20100601T162620.json
139,100144,0,120,3600,20100609T103613.json
140,100146,0,120,3600,20100616T143735.json
141,100148,0,120,3600,20100622T164448.json
143,100150,0,120,3600,20100623T143842.json
145,100152,0,120,3600,20100707T101801.json
148,100155,0,120,3600,20100714T105521.json
150,100157,0,120,3600,20100720T122354.json
154,100163,0,120,3600,20100804T102658.json
158,100167,0,120,3600,20100824T125355.json
161,100170,0,120,3600,20100902T115915.json
171,100180,0,120,3600,20101013T143503.json
175,100184,1,120,2400,20110808T104708.json
176,100185,1,120,2400,20110809T162419.json
185,100196,0,120,2685,20110131T133609.json
249,100264,0,120,3600,20100614T193327.json
255,100270,0,120,3600,20100125T112155.json
288,100304,1,120,2400,20110920T105857.json
293,100309,1,120,2400,20110613T104747.json
301,100317,1,120,2400,20110216T105144.json
318,100336,1,120,2400,20111101T161543.json
330,100350,0,120,3295,20090831T125516.json
331,100351,0,120,3600,20090925T124114.json
332,100352,0,120,3600,20091019T103757.json
333,100353,0,120,3600,20091023T125742.json
334,100354,0,120,3600,20091029T105256.json
335,100355,0,120,3600,20091030T103155.json
409,100435,0,120,3600,20091104T114218.json
410,100436,0,120,3600,20091104T121123.json
412,100438,0,120,3600,20091109T103129.json
413,100439,0,120,3600,20091110T124919.json
414,100440,0,120,3600,20091112T113242.json
415,100441,0,120,3600,20091120T124218.json
416,100442,0,120,3600,20091120T103457.json
417,100443,0,120,2003,20091124T113921.json
418,100444,0,120,2005,20091127T122235.json
419,100445,0,120,2005,20091127T125457.json
420,100446,0,120,2001,20091130T111617.json
421,100447,0,120,2001,20091130T105222.json
422,100448,0,120,3600,20110611T122256.json
423,100449,0,120,2003,20091202T111922.json
424,100450,0,120,2005,20091016T113327.json
425,100451,0,120,3600,20100106T123937.json
426,100452,0,120,3600,20100107T122447.json
427,100453,0,120,3600,20100108T122938.json
428,100454,0,120,3594,20100112T101236.json
429,100455,0,120,3600,20100114T125616.json
430,100456,0,120,3600,20100115T113310.json
431,100457,0,120,3600,20100121T111849.json
432,100458,0,120,3600,20100128T103618.json
433,100459,0,120,3600,20100211T102155.json
434,100460,0,120,3600,20100217T105136.json
435,100461,0,120,3600,20100223T121332.json
436,100462,0,120,3600,20100304T105810.json
437,100463,0,120,3600,20100308T125053.json
438,100464,0,120,3600,20100318T102922.json
439,100465,0,120,3600,20100330T102317.json
440,100466,0,120,3600,20100408T105338.json
441,100467,0,120,3600,20100409T111752.json
442,100468,0,120,3600,20100414T112735.json
443,100469,0,120,1799,20100415T111321.json
444,100470,0,120,1802,20100419T101921.json
445,100471,0,120,1799,20100426T123434.json
446,100472,0,120,3600,20100427T115528.json
447,100473,0,120,3600,20100427T104929.json
448,100474,0,120,3600,20100510T103014.json
449,100475,0,120,3600,20100512T105757.json
450,100476,0,120,3600,20100525T111221.json
451,100477,0,120,3600,20100527T115110.json
452,100478,0,120,3600,20100531T101842.json
453,100479,0,120,3499,20100607T112447.json
454,100480,0,120,2019,20100617T104419.json
455,100481,0,120,1706,20100628T114149.json
456,100482,0,120,2156,20100712T105648.json
457,100483,0,120,3600,20100827T113132.json
458,100484,0,120,3600,20100607T124232.json
459,100485,0,120,3600,20100830T103535.json
460,100486,0,120,3600,20100910T124942.json
461,100487,0,120,2402,20101105T115036.json
462,100488,0,120,3600,20101108T115653.json
463,100489,0,120,3546,20110126T102533.json
464,100490,0,120,3600,20110128T105219.json
465,100491,0,120,3600,20110304T112556.json
466,100492,0,120,3600,20110415T111955.json
467,100493,0,120,3600,20110429T123115.json
468,100494,0,120,3600,20110429T103039.json
469,100495,0,120,3600,20110509T101524.json
470,100496,0,120,3600,20110622T102350.json
471,100497,0,120,3600,20101122T114139.json
472,100498,0,120,3600,20110524T103135.json
493,100521,0,120,1466,20100202T125516.json
494,100522,0,120,3507,20100205T125516.json
505,100533,0,120,1503,20100805T125516.json
616,100647,0,120,3600,20100326T103132.json
617,100648,0,120,2198,20091105T102540.json
629,100661,0,120,3600,20091118T123028.json
630,100662,0,120,2204,20110715T105036.json
672,100705,1,120,3998,20130215T100621.json
1064,101168,1,120,2400,20110127T013246.json
